4279   20040908
4224   20070710
7062   20061126
8447   20050114
4917   20050406
8781   20080121
5788   20020609
3442   20080109
8870   20050429
4226   20020423
1639   20050930
203   20020416
6421   20060807
9467   20031224
6800   20040115
7798   20040918
8015   20030322
1716   20080908
8393   20040303
7414   20070520
6429   20020107
3229   20050922
5286   20050813
1982   20080106
4023   20061120
1778   20060506
654   20041223
546   20040915
8270   20050216
195   20081031
4584   20070413
9592   20030313
2409   20061123
2222   20081204
6052   20020908
6061   20021107
1729   20031214
2059   20081029
7999   20041008
659   20051008
4937   20030926
3710   20050113
1177   20020227
4342   20060424
8197   20070527
8376   20030421
2613   20080415
5058   20020729
738   20061216
7657   20050813
