3137   20080806
1250   20071031
6686   20060425
22   20080901
6981   20060918
8706   20060519
3596   20030309
9767   20040619
1912   20040129
2757   20020125
4271   20040924
2576   20050805
9340   20060611
1226   20050727
5652   20060329
7791   20070425
710   20020420
3133   20080101
5986   20060501
4719   20060621
5308   20040508
3911   20031018
821   20051112
707   20070127
4115   20070310
3099   20040522
1382   20060427
8396   20081124
6448   20020301
3945   20040415
7319   20041007
583   20080910
7873   20080309
8993   20060716
2324   20030206
3748   20020407
6145   20030125
852   20020505
7362   20071009
5885   20050725
6944   20050720
2458   20061215
7528   20061029
1108   20021122
7211   20071226
7002   20080902
6909   20050925
6041   20060112
3143   20040811
6301   20050708
8429   20040311
3159   20050213
7308   20040404
8583   20080704
8543   20030125
4518   20050803
2611   20021129
7676   20050102
5351   20070226
6221   20060724
1036   20070713
5897   20071031
7666   20060806
5352   20061112
6613   20020317
6610   20021027
8183   20070406
3254   20041005
5096   20080607
5304   20040301
7737   20051222
7600   20080726
4035   20030927
7068   20051218
1082   20040215
9324   20080918
2851   20041014
7741   20041102
9860   20061124
3907   20060218
5102   20031026
6700   20061005
5253   20020816
4278   20040822
1126   20020903
3320   20050605
693   20021009
3240   20020722
2489   20070826
6524   20051226
8446   20061128
1027   20080517
1866   20060723
9228   20051121
8520   20070118
2179   20080816
1222   20040920
5323   20030729
4797   20030615
3853   20040624
