8809   20061225
3103   20051020
5648   20080219
6554   20080708
3956   20050307
1542   20030620
5642   20081028
6571   20050902
8016   20040316
7031   20070222
3480   20060905
1541   20020320
6436   20020926
8148   20070307
2365   20080915
476   20080311
4562   20020911
2789   20061118
5145   20081225
8425   20050412
5348   20060523
5201   20040316
425   20070110
5912   20060120
2329   20040626
2383   20041213
9104   20020123
7989   20070402
7522   20081118
6630   20041217
17   20040302
2153   20020227
3680   20030405
2568   20070816
278   20050301
7996   20070701
6010   20080719
6265   20021125
1974   20071118
9892   20021119
1798   20081218
4833   20040918
981   20040217
4377   20040516
3061   20031208
9973   20040128
4801   20020630
5047   20020715
4702   20081014
8806   20080908
2630   20080903
1299   20071017
408   20020806
4542   20030222
8408   20060304
4447   20050331
3161   20060407
3532   20070608
7544   20030328
2610   20070923
5956   20080521
3740   20050904
4041   20041120
8436   20071004
8231   20061025
5494   20070820
8338   20040811
6749   20051119
5103   20061128
8386   20031004
9915   20040828
3731   20050109
7661   20021105
9118   20041210
6708   20050324
1672   20031116
346   20070113
6667   20020623
5783   20041005
9518   20061107
4823   20051112
7742   20040720
136   20081228
6670   20060103
1302   20080222
4979   20020408
4885   20070219
1603   20080424
2281   20060301
1544   20021110
8692   20080211
9227   20051112
2966   20070706
9859   20050719
8594   20020130
4633   20060723
5922   20060405
1623   20050215
3231   20070705
5639   20060219
2193   20080911
7582   20050713
5540   20050801
8533   20040726
4685   20071230
3317   20030705
5576   20020923
6043   20060423
4917   20060728
3644   20071119
8370   20080826
2371   20060506
3715   20040927
3933   20020612
675   20050305
6144   20020723
8674   20070912
1668   20031217
3514   20030210
4539   20061231
8742   20071028
6347   20020619
6438   20061127
4048   20040711
1221   20081114
566   20060425
7782   20080330
1472   20060705
6496   20020831
8245   20080214
7523   20081126
3120   20040307
3080   20061119
6044   20060626
1173   20080228
7668   20080115
7877   20040713
2401   20030314
5017   20081111
2470   20081225
9324   20021202
3739   20040107
2961   20020210
5368   20030607
6308   20051103
1970   20050217
6309   20061210
1002   20081118
4081   20070421
2075   20070817
5643   20040125
151   20080207
6333   20021014
8243   20050811
402   20030804
7421   20040520
7406   20050521
9139   20040425
4261   20070609
9314   20021130
3912   20060314
7714   20080427
6872   20040110
9875   20050509
8914   20050915
3675   20030604
8217   20020328
3940   20050204
7202   20051206
5288   20080515
5596   20050130
1581   20070622
140   20080516
8144   20020309
6408   20060323
6012   20031107
8365   20031020
4053   20040224
5144   20030307
2950   20030423
9967   20070811
7111   20051228
3710   20080629
6442   20021012
3726   20040223
3369   20070207
3411   20080623
8978   20060605
4620   20070818
3177   20030801
5181   20021030
5643   20080704
6790   20020107
7076   20030710
4165   20050118
2526   20071020
6651   20060914
5706   20030531
3292   20050504
9216   20040502
